
~!@
 
   
      
-
--
---
----
-----
------
----------------
-----------------------------
,.
!)#$%^&*()
!@
!@#!@#!@#
!@#$
!@#$%^
!@#$%^&*
!@#$%^&*()_+
!@##@!
......
)(*&^%$#@!~
@
0000
000000
00000000
007984
00799
007agent
007arun007
007buddy
007chris
007ciaman
007dev10
007ginger
007motor
007rules
007shaikh
007tayza
007vishal
0080
008027
00811833
008120
008300
0084
008436
008487
008522
008529
00862557752709
008699
008725
008726
008822
008848
008851
008866
00886644
008900
009007
009054
00915300
009366114504
009394
009406
0095119329
009513031487
009534
009711
0097150
00971556602819
009745063100
0097453391
0098
009800
00980098
009842
00985900
00991122
009946
00995aipt
00A-00B-00C
00agent
00blazer
00dd55
00dles
00eman
00ginger
00gundam
00gyb00gy
00ll00ll
00negro
00ninja
00ookkmm
00password
00pooh
00pri4244sk
00ps00ps
00r123
00tt00000000000000
00woffle
010007
01001
010010010
01001122
010012
01007696
01010
01010011
01010177
010102
010109
0101122
01011901
01011961
01011967
01011969
01011970
01011975
01011999
010120
01012011
0101204480
010122
010154
010158
0101640
010165
010170
010175
010192
010196
010198
010200
010202
0102035
010203qwe
010205
010209
0102122007
01021955
01021966
01021968
01021972
01021976
01021977
01022
01022000
01022001
01023456
010260
0102680
010273
010276
010279
010284
010293
010295
010297
010301
01030103
01030507
010306
0103109802
010317
01031966
01031970
01031971
01031974
01031983
01031998
01031999
01032001
01032003
01032008
01032010
01032011
010321
010347
01034984
0103507017
010361
010368
0103712081
01037320
010375
010376
0103787467
01.03.79
010382
010386
010388
010394
010399
010402
010403
0104045
010406
01041965
01041968
01041972
01041974
01041976
01041995
01042002
01042003
01042005
010422
010429
010450
010464
010470
010472
010474
010482
010486
010489
010495
010498
010502
010504
010507
010511
01051971
01051973
01051977
01051978
01052001
01052003
01052005
01052006
010544
010553
010562
010569
010575
010576
010577
010583
010584
010587
010591
010593
010595
010604
010606
010607
010610
01061111
01061960
01061961
01061970
01061973
01061975
01061977
01061987s
01061994
01061996
01062003
010629
01063793994
010666
010669
010673
010679
010680
010682
010685
010686
010696
010701
010704
010708
010717
01071954
01071989nsh
01071995
01071999
01072032
010745
010761
010770
010773
010774
010777
010780
010787
010799
010801
01080108
010802
01081953
01081967
01081972
01081975
01081980
010820
01082000
01082002
01082004
01082005
01082801
010835
010871
010872
010874
010875
010878
010879
010885
010892
010896
010901
010902
010904
010905
010909926
010911
01091970
01091972
01091974
01091977
01091981
0109198153
01091994
01091998
01092009
0109511914
010959
010969
010981
010984
010991
010995
010998
0109ow
011000
01100001
011002
011003
011008
011010
01101000
01101001
0110111955
01101954
01101982
01101996
01102005
01102007
011023
011024
011044
011050
011052
011072
011075
011076
011080
011081
01108100
011083
011085
011088
011089
011094
011101
01110111
011103
011106
01.11.06
011107
0111111
0111111111
01111968
01111971
01111973
01111985
01111986
01111991
01112002
01112005
01112008
011159
011167
011174
011175
011176
011177
011183
011185
011187
011194
011195
011196
011201
011204
011207
01121668
011218
01121949
01121978
01121995
01121997
01121999
011220
01122001
01122002
011223
011234
011245
011254
011268
011277
011278
011281
011283
011288
011290
011291
011293
011294
011296
011299
011303
011318
01131987
011325
011344
011373
011377
011391
011401
011406
011407
01142009
011470
01147893
011483
011485
011490
011492
011505
01151978
01151983
0115372669
011568
0115787
011579
011580
011581
011582
011583
011588
011594
011595
011599
01160116
011603
011611
0116119
01161972
01161979
01161990
01161992
01162010
01162219
0116650357
011672
011674
011680
011682
011683
011687
011691
011692
0117
01170117
01171976
01171984
01171990
01171992
011785
01180118
011802
01181979
01181980
011860
011874
011875
011881
011891
011893
011906
01191960
01191987
01192000
0119705105
0119789
011979
011982
011984
011986
011987
011988
011995
011999
011@gmail
011n3v1n011
012001
012002
012003
012009sb
01201200
01201975
01201999
012071977
012088
012089
012092
01210
012104
0121100
0121112451
01212403
012131
012152
0121646436
012177
012183
012184
012189
012190
012193
01220122
0122116516
01221968
01222004
01222008
0122217578
0122301771
012231
01224262
0122462892
012247
0122524485
012254
0122590399
012274
012278
012284
012285
012291
0122924581
012299
0123
01230
0123012
01230123456789
012303
012308
0123123123
01231979
01231987
01231999
0123210
012333
01234
012345
0123450
0123456727
012345678900
01234567890123
012345678901234
0123456789101
0123456789876543210
01234567899876543210
012345678999
0123456789a
01234567a
0123520
012362
01236540
012365478
012368
012378
0123789456
0123816437
012385
012396
012397
012399
0123991841
0123asd
0123sunil
012400
012404
01240523
01241971
01241978
0124284404
0124313576
01245
0124526396
012456
0124679051
0124836402
012489
012490
0124914629
01249755879
012504
01250776
012508wyw
01251986
01251994
01252005
01253919
0125628863
012567
012574
0125843
012590
012591
012592
0125kktsws
0126010839
0126029989
0126143785
012619
01261982
01261988
0126201262
012645
012657
0126678518
012674
012679
012685
012688
012690
012697
0126larryjjss
0127042321
01271988
01272004
01272009
0127453088
0127518144
012775
012788
012789
012793
012794
012800
012801
01281957
01281961
01281983
01281994
01282007
01282008
01283680
0128501221
012854
012874
012880
012890
0128915
0129
012900
01290129
012904
012906
01291955
01291975
01291977
01291986
0129229728
012948
0129524559
0129595230
012973
01297549
012981
012982
012990
012992
01299471
012996
01299666
01299818277724
0129988cag
012999999
0129ryuz
012cn176
013001
013008
01301
01301982
01301984
01302007
0130232543
01303550
0130731
013078korea
013080
01309197
013095
013097
01310131
013104
01311988
01311993
013143
01315600
013185
013192
0132546789
0132739
013292
01330040
013301
01334
0134652
013468zxl
013502
0135506918
0135627674
01357900
0135792468
013579v
013580
01373122
013757
01375844
01380138
01381536
01385983
0138732430
01388681
013921
01393395
0139454410
0139580812
013975
0139786907
01408016
01411129
0142143797
014250
014288
0143246863
0143308569
01435278550
01438150
0143918ki
0144
01442471
0145088571
014520
014521
014530
0145592320
014569
0146181913
01462275242
01470258369
014740
014753
0147722082
0147852036
01478523
014789632
0147s258
0147zxcv
0148007370
0148798453
0148804073
015001
01500150
01500644
015016
01502262
01502714
015067
01510151
01510463
01516115
0152008
01525001
0152634821
015291736
015327
01537360
01540
01542766
01543673
0155
01550155
01551309
0155236091
0155797
01558861
01559463
01560660
01562177
01563312
015636
01566734
01567200
0157600
01584614
015888190
01593570
015949
015987
01600
01600160
01610161
0162033115
0162346407
01626
0162758801
01630163
01635271
0163737398
0163960150
0164398592
0164953156
016518855512
0165271716
0165481129
0165631944
016580
0165971577
016598
0166107979
016614
016620641
01662967
01664409
01664772
0166663366
0166711026
016683
0167
0167178210
01673376030
0167357254
0167397815
01677995
016781726
0168146799
0169223121
01695370
0169882881
01704647
0170620682
01706927
0171
01710238ppm
01716165
01718389
01720172
0172085693
01722554077
01724804
0172502015
01725306863
0172547379
017281
0172839654
017324
01735118
0173788037
0173990233
0174255662
017438
0174543384
0174681650
0175013512
0175289425
0176090134
0176114906975iq
01761989
0176246433
0176590198
017663
0176641994
0177085971
0177172365
0177434641
0178
0178130234
01790179
0179359659
017938585
0179823390
01800180
018083
01812710
018157
01818
01819536692
0182287660
018255
0182812926
0183
01830183
018400
018493
0185ac
0186073363
01865390819
0186684a
018681
0187
0187608766
018810
0188126009
0188466471
018879
018920
019017
01913
01916261917
01922587536
0192374549
01927815515
01937834762
01940194
01941979
019480
0195196723
0197123030
01976135
019800
0198046447
0198079270
0198080861
0198081249
019830
0198353012
0198502871
019860
01988
019880211
01988218
01989
0199000166
01992
019969108
0199892241
01a51a1241
01accord
01april
01ashley
01beaver
01chotu01
01dab137
01feb1993
01harley
01joey01
01kbu5j8
01leb1496
01mxnucr
01noel01
01octo
01pqlamz
01retry
01summer
01tenived
01venkat
01wpro
01yahweh
02
020020
020106
02011966
02011967
02011971
02011976
02011978
02011981
02011982
02012304
020128
020129
02014877
020160
020165
020170
020172
020179
020180
020181
020182
020185
020187
020189
020192
020195
020196
020205
02021955
02021965
02021973
02021974
02021975
02021976
02021977
02022003
02022005
02022008
02022009
020222
020223
020238
020252134
020263
020274
020277
020279
020284
020288
02029494
020297
020298
0202nath
020300
02030405
02031970
02031971
02031973
02031979
02031990
02031995
02031999
02032007
02032009
02032010
020323
020331
0203360
020343996
020358
020370
020379
020381
020382
020383
020390
020393
020394
020395
0203950070
020397
020401
02040608
020407
020409
02041957
02041960
02041967
02041972
02041974
02041976
02041977
02041978
02041983
02041986
02041994
02042000
02042005
02042006
02042009
02042010
020429
02043101
020447
020460
020468
020470
020473
020475
020478
020481
020485
020489
020493
020500
020505
020506
020511
020519
02051966
02051968
02051971
02051973
02051980
02051997
02051998
02052007
02052008
0205613046
020584
020585
020596
020601
02061103
020617
02061966
02061970
02061977
02061978
02061985
02061997
02061999
02062000
020622
020650
020654
020669
020675
020681
020682
020683
020702
02071965
02071967
02071974
02071975
02071976
02072000
02072001
020722020
020758
020775
020779
020781
0207838
020792
020794sp
020799
020800
020804
020810
02081953
02081963
02081967
02081975
02081978
02081997
02082000
02082008
020824
020852
020860
020861
020866
020870
020875
020878
020881
020882
020885
020894
020895
020897
020901
020902
020904
020907
02091967
02091971
02091974
02091978
02091981
02091994
02091998
02091999
02092000
02092004
020930
020945
020967jct
020974
020976
020979
020982
020984
020990
020991
020999
020e60c6a84db8c5d4c2d56a4e4fe082
020lopje
021001
02101920
02101950
02101974
02101979
02101997
021020
02102002
02102005
02102008
021024
021029
021055
02106657
021068
021070
021076
021083
021085
021090
021093wana
021094
021098
021104
021112
02111226
02111965
02111968
02111971
02111987
02111995
02111998
02112001
02112003
02112004
02112009
021121
02115
021155
0211550303
021169
021175
021178
02119
0211996
02121959
02121964
02121971
02121977
02121978
02121981
02122006
02122009
02123
02125049
021256
021262
021278
021281bs
021290
021292
02130
02130213
021303joxanne
02130512
021309
021313
02131981
02131985
02131989
02132006
02134658
02135
021360
021365
02138
021396
021397
021401
021404
021406
021408
021409
021411383
02141969
02141974
02141978
02141981
02141985
02141992
02141994
021422
021423
021468
021470
021476
021477
021478
021483
021484
021489
021490
021495
021498
021499
021500
021503
021507
021519
02151987
0215341643
0215580632
021569
021578
021579
021584
021586
021587
021607
02161983
02161985
02161986
02161988
02161997
021674
0216873184
021690
021692
021698
021700
021702
021709
021717
02171988
02171992
02172006
02172009
021776
021777
021778
021783
021785
021794
021796
0217wv
021800
02180218
02181975
02181982
02181986
02181992
021855
0218624275
021880
021882
021889
021897
021909
02191984
021925
021968
021971
021977
02198702
021llf4
022005
022007
02201977
02201978
02201981
02201985
022078
022079
022083
0220857
022089
022098
02212649
022162
022181
022186
0222
022205
02221969
02221983
02221984
0222222
022260
022286
02230223
02230971
02231991
02231992
022368
022384
022388
022391
02241974
02241978
02241983
02241984
022446
022476
022484
022492
022500
02250225
02251973
022587
022591
022595
022617990
022648
022670hu
022671
022674
022680
022681
022686
022687
022688
022690
022691
0227047
0227131688
02271978
02271981
02272001
0227214568
02275444
022771
022772
022781
022786
022788
022798
022802530
022807
02281973
02281988
02281990
02281991
02281993
022847
022881
022882
022885
022889
022891yad
022898
02290229
02291988
0229820074891sh
022984
022988
022992
022im046
0230
023026
02303550
0231
023123
02315562
02330233
023320
0233212b
02334771
02340234
023427
02343000
023493
02351993
0236
02362436
023679
02370237
023741596
0237722
023900
024120057
024121974
024123382
02412646
02423278231
024328
024351
0244588767
024503
02464633
024651
0246802468
02487881487
025025
02505
025052542
02506399
025098626
02510251
02511987
0251423887
02521200
02521989
025353
025391
025436
0255
02551a0231
025541368
02571992
025770836
025800
0258456
025861897
0258741
02589521
025936
0260
02612740993
026153as
0261889890
026237240
02630263
026355
026512265
026520
026578
02661a1212
0267fd6po
02681292
026842
02684500
0270
02708919
02717224719
02720
02725ck
027430
0278
0280
028033854
02810281
028128
028235
028304
028511
028628109
0288
02880288
02899651
02901a0219
029029
02908
0291442211
029154
029249
029345
0294
029523koko
029584232
02971234
02990299
0299225559
02accord
02agosto
02batman
02blazer
02chevy
02e71a0531
02feb02
02februari
02gtivr6
02h71a0426
02harley
02hypno
02ikwitj
02jdmem
02june
02kids
02october
02raptor
02symax
02transam
030000000
0300256185
030047
0300494677
063679
063740254
064070
0641917960yup
06424326
064380
0644236792
064471
064480475
064583
06460
064608
06470647
06473
0648
06483521
064852029
06490649
0650753034nv
0650947
0651059
06511
06516
065231
0652811478
06532riddi
065380571
065390
065401
065412
065421
06543210
0654321j
065570880a
065870
0659783179
06611
066324799
06650500
0665lak
06660
066700
06681193
0669
067067
0671244298
067401242
0675
067520
06785450
0681
06810681
06840684
0684dblad
068501068542
068538
06858000000
068633654
06897
06900690
069066
06910691
069191
069353498
06965986
06andry96
06august1982
06eclipse
06etib20
06grap3z
06honda
06jan1990
06jul84
06mustang
06november
06yn6zec
07001529asd
07003
070070
070101
070102
070107
07011964
07011972
07011975
07011978
07011987
07011989
07011996
0701230109
07014
070156
070161
07017
070170
070171
070180
070188
070191
070194
0701wsed
070200
070202
07020702
070208
07021970
07021971
07021975
07021976
07021977
07021978
07021979
07022002
07022006
070258
070290
070295
070299
07030703
070310
07031966
07031968
07031980
07031986
07031992
07031994
07031999
07032005
07032006
07032007
07032009
070354
07036
070370
070383
070388
070389
070390
070392
070398
070399
070405
070407
07040704
07041776
07041975
07041978
07041987
07042002
07042010
07045
070462
070464
070483
070501
070505
07051963
07051965
07051973
07051978
07051991
07052
07052000
070528
070561526
070580
070582
070583
070584
0705882233
070591
0705926831
070593365
070594
070595
070601
070603
070608
070612
07061963
07061965
07061972
07061976
07061981
07062001
07062006
070671
070672
070673
070674
070683
070685
070688
070689
070691
070692
070700
0707007
070703
070707comp
07071
070717
07071963
07071978
07071983
07072001
07072002
07072005
07072008
070764
070769
070774
070775
070776
070778
070781
070785
070787
070788
070792
070796
070798
070799
07080
070800
070801
07080900
070811
070812
070814
070818
07081964
07081969
07081974
07081975
07081990
07081994
07082000
070825
073572530
073636
0737074721
0737163334
07400740
074088
07412300
074163786
074211
0742598583
07438
0744973370
07450031
07461
07462520
0747
074714
0747558194aa
07480
0749982021
0752035181
0752932110
0753
07530000
07530753
075313535
075417
0754678
0755264622
0755551126
07559199
07561234
0757
075724js
0757269
07590759
07601
07603
07627
07643
0765653905
0765994260
07679126
076923muaz
077007
0770347323
077130
0771564749
07722011
07724
07731
0774038248
0774059259
0775520097
0775526741
07760776
0776092040
0776352626
0776531806
0777
0777434738
07777777
0779153840
0779748839
0779898650
078012
078018
0780604671
0780720248
078090599
078146
078250
07828  
078326ww
07834
0784
07840
07841475288
0785
07857512
07861100
0786rajesh
07876
0787615844
078800
0788832310
07901
079152123751
079172153
07920792
07928
07930
07950795
07957811903
07960
07agustus
07ap1a0516
07at1a0557
07cafe2007
07ddec166
07feb1997
07july07
08054
08055
0805555a
080571
080573oscar
080578
080582
080587
080603
080604
080615
08061970
08061973
08061974
08061975
08061977
08061978
08061982
08061984
08061985
08062000
08062005
08066012
080677
080687
080699
0806anog
0807
080700
08071109
08071959
08071969
08071976
08071986
08071996
08071998
08072001
08072007
08072008
080760
080775
080780
080781
080782
080783
080785
080793  
080798
080803
08080821
08080836
08081
080810
080814
08081956
08081966
08081967
08081972
08081974
08081975
08081993
08081999
080820
08082004
08082007
080859
080860
080866
080870
080874
080877
080883
080891
080892
080897
080900
080904
080907
08091968
08091970
08091972
08091974
08091981
08091982
08091995
08091998
080920
08092000
08092005
08092006
08092117
080927
080929
080967
080987
080987400
080991
080994
080996
080999
081005
081007855
081014
08101961
08101965
08101970
08101976
08101978
08101979
08101988
08101993
08102000
08102007
08102008
08102063
08102383
081056
081062
081065
081079
08108027
081081081
081082
081087
081090
081092
081097
081103
081107
08111968
08111973
08111974
08111981
08111984
08111997
081122
0811231024
081128
0811331209
081151
081166
081170
081171
081177
081182
081189
081195
081199
0811f61c985717
08120624
081207
081208
08121208
081213
08121965
08121966
08121972
08121975
08121977
08121979
08122004
08122065
08122197
08122314
081226
08122726
0812301745
08123223
081233
081234
08123664
08124494
08124536
081246
08124665
08127123
081273
081275
081277ddc
081278
081279
081284
0812845532
081285
081288
081289
081290
081291
081293
081294
081295
0812968873
081297
081298
081301
081310
081311
081322
081325
0813357556
081336
081351
08136172
0813718536
081375
081381
081394
0813rm01
08140814
081409
08141991
08142006
08146823987
081471
081478
0814825944
081485
081488
081498
081502
081508
08151994
0815308432
08154711
081571
081576
08157619
081583
081586
081590
081595
0987654321
0Okm9ijn
0okm(IJN8uhb
0-p0-p0-p
1
10086
100dedi@
102030
1021=smile
!1!1
111111
111111	
11111111
112233
11223344
1122334455
11bb33
1201230.*a
121212
12121212
121314
1229
123
!@#123
!@#.123
@123
#@!123
123!@
123!@#
123$%^&
12312
123123
123@123
123123123
123123abc
1231qaz2wsx
1231qaz@WSX
123321
123321#@!.
123321abc
1234
!@#1234
!@#$1234
1234!@#$
1234!@#$%
1234%^&*
12341234
12344321
12345
!@#$%12345
12345!@#$%
123455
123456
!@#$%^123456
@#$%123456
123456^%$#
123456^%$#@!
123456 
123456!@
123456!@#
123456!@#$%^
1234567
12345677654321
12345678
123456789
1234567890
12345678910
123456789a
123456789-.p
123456789-.q
123456789-.qwe
123456789-.qwe123
123456789-.w
123456789-.x
12345678a
1234567a
123.456a
123456.a
123456aa
123456abc
123456@abc
123456abcABC
123456m
123456qwe789
123456qwerty
12345aA
12345@abcde
12345qwert
12345trewq
12347
1234abcd
1234.abcd
1234Abcd
1234ABCD
1234abcdABCD
1234.asdf
1234asdf!@#
1234asdf!@#$
1234.com
1234@qq.com
1234qwea
1234qwer
1234.qwer
1234qwer!@#$
1234QWER
1234qwerasdf
1234qwerASDF
1234qwerasdfZXCV
1234r5t6y
1234rewq
1234rewq1234rewq
1234tyui
1234.zxcv
123654
123654789
123654abcABC
123698745
123789
123$%^789
123987
123987456
123a321
123abc
!@#123abc
123-abc
123!@#abc
123.abc
123@abc
123abc!
123abc!@#
123abc.
123.ABC
123abc123ACB
123abcABC
123abc!@#ABC
123abcABC!@#
123abc.com
123$abcD
123admin
123.asd
123asd!@#
123asd456
123!@#.com
123.com
123.com!@#
123@com
123ERT789p
123ewq!@#
123ewq123
123ewq123ewq
123.idc..
123@idc.com
123mudar
123qaz
123qazwsxedc
123@qq.com
123qwe
!@#123qwe
123!@#qwe
123.qwe..
123@qwe
123qwe,.
123qwe!@
123qwe!@#
123qwe!@#.
123QWE!@#
123QWE!@#.
123QWE123
123qwe456
123qwe789
123qweasd
`123qweasd
123qweasd!@#
123qweASD
123qweASD!@#
123QWEasd
123qweasdzxc
123qweasdzxc!@#
123qweasdZXC
123qweasdZXC!@#
123qweASDzxc
123qweASDzxc!@#
123qweASDZXC
123qweASDZXC!@#
123QWEasdzxc
123QWEasdzxc!@#
123QWEasdZXC
123QWEasdZXC!@#
123QWEASDzxc
123QWEASDzxc!@#
123QWEASDZXC
123QWEASDZXC!@#
`123qwer
123$qwer
123$qweR
`123qwerasdf
`123qwerasdfzxcv
123qwert
123qwertz456
123RTY
123rty789p
123.zxc
123zxc456
123zxcasd
123zxcasdqwe!@#
`123zxcv
`123zxcvasdf
`123zxcvasdfqwer
12#45^
12#45^78(
12erghnm
12!@qw
12qwaszx
12qwaszx!@
12qwe!@#
!@12qwQW
1313
131313
13142015
1314520
#*1@356qaw!hty$zkl)
13579
1@3qWeaSd
1@3qWeaSdzXc
142536
147258
147258369
147369
147852
147852369
159357
159753
163.cn
163.com
168.com
-,########16#(xuyue)
172839
177idc
!!@@198653
1a2b3c
1A2b3C
1a2b3c4d
1a2b3c4d5e
1a2b3c4d5e6f
1a2b3c4d5e6f7g
1aA
1Aa
1q2s3c
1q2w3e
1q2w3e4r
1q2w3e4r!@#$
1q2w3e4r5
1q2w3e4r5t
1q2w#E
1Q2WS3EDC
1q2ws#EDC
1qa2ws3ed
1qa@WS3ed
1qa@WS#ED
1qaz
1qaz!~
1qaz123
1qaz123456
1qaz2ws3e
1qaz2ws#E
1qaz2wsx
1qaz@2wsx
1qaz2wsx!@#
1qaz2WSX
1Qaz2wsx
1QAZ2wsx
1QAZ2WSX
1qaz2wsx3edc
!1qaz@2wsx#3edc
1qaz@2wsx@3edc
1qaz@2WSX#3EDC
1QAZ2WSX3EDC
1qaz2wsx#edc
1qaz2wsx#EDC
1qaz321x
1qaz3edc
1qaz741
1qazAQ!
1qazaq1
1qaz#EDC
1qaz!QAZ
1qaz@WS3e
1qaz@WS#E
1qaz@wsx
1qaz@WSX
1qaz@@WSX
1QAZ@wsx
1qaz@WSX123
1qaz@WSX2013
1qaz@WSX3edc
1qaz@WSX3edc$RFV
1qaz@@WSX##EDC
1qaz@WSX#EDC
1qazxcvbnm,.
1qazxsw@
1qazXSW@
1qazxsw2
1qazXSW@3edc
1qazZAQ!
1qazZAQ1
1q@W3e
1@qWaSzX
1q@W#E
1qwe23
1qwe2asd
1q@WS3edc
1q@WS#EDC
1z2s3e
1z2x3c
1z2x3c4v
1Z2X3X
!2
2003server
20115570apm@
201234.com
2013@2013
2014!@#$
2014qwer
20151315
2015facai
2015fadacai
2342w3e4r
!234QwerAsdfZxcv
!23$56&89
!23Abc
!23Qwe
!23Qwe$56Rty
!23QweAsd
!23qweasdzxc
!23QweAsdZxc
23we
23we@#
23we@#WE
2irgKGBRS5J7MUv6
!2QwAsZx
!2#QwEAsD
!2#QwEAsDZxc
2wsx3edc
3.1415
321123
321321
321.321
321.321..
321456
321.abc
321.com
321qwedsazxc
$321RewqFdsaVcxz
321.@sa<>
3344520
3344520.
3344521
3389520
3389.com
357951
369789
3rddf
415263
43e75233
!@#456
!@#456&*(
!@#4567
4esz%RDX
4esz#WA2q
4esz#WA2q!
4r3e2w1q
4TDKSiqYAZB0
518
5201314
520@1314
520520
54.164.228.109
54.164.228.136
54.164.228.47
54.164.228.99
54.164.229.147
54.164.229.199
54.164.229.21
54.164.229.230
54.164.229.59
54.164.229.73
54.164.230.13
54.164.230.52
54.164.230.64
54321
5439456720
543959
543nonsense
544031
5441
544321
544444
54447257
54452
544521
544566
5446
544644
5447
54470
54481
54494
545005
54501
545028
5451
5451986
54520
54525452
54525452786
545352
545400
54542121
54542136
54543232
54543333
5454545656
545456
545466
545498872
54549999
5454luckyday
5456
545621
545646
545654
545658
545669
5456757878
545754
54575457
5457c4zc
545868
545937
5459625
5459854598
54600
546069
5460751
546100
546101
54615461
54623
54625462
54630782
546321
54637
546404
546443774
546446
546453210
546542
5465455
54658896
5465okok
54665466
546677
546700
54675467
5467711mj
5468
546836
546879
546929
546987  
546988
54699
546e51c3
547002
5471
5471457
54715471
54720
54725472
54729
5473
54735473
547377cp
547441
54745474
5474.com
5475
5475257
5476159
54765476
547655
54769
5477
547754
547763
547779
547789
5477kiss
547913
547918350
547925
547ocoij
5480
548147
548192
548230
548277
54835483
54837
548377665
54839816
5484
548582
548636000
548669
54868-88
548721
548772
54880
54885
54891
548926
548928
5490266
5490503
54905490
5490670
5490846
54911
5492
549200
54925492
549345
549516
54952
5496
549642149
549649
549692
54973154
549735
54975497
549786
549798
54981
54987
549876
549907416
5499alss
549bear
54aastha
54chevy
54fighting
54h3eppc
54loop
54master
54pph1re
54th
550000
550022
5500228
550055
55005500
550088
55009988
5500th
55018
55021
550240
55026170
550304
55038
5504
550404
550463
5505
550501
550511
550623
55068
550711
550726
55075
55082
5509696
550spyder
55101580
55103
551038
551047
55110
551100
551108
551112
55115511
55118
551188
55119
5511915
5511930
5512
551200
551212
551214
551217
551234
5512635
55128
55135
5514
55142475
55146704
55148440
551494
551523
551551
55160220
551661
5517558r
5518279
55185518
5519175
5519523
55195519
551974
551988
551990zyxw
551995
552001
55201314
552108
552153
552210
552222
552244
5522552255
552266
552300
552327
552382
552444
55245524
5524565
552512
552514
552535
55255
5525667
552611
5526372
5526405
552642
5526785
552697
552719
5527581
55284655
552855
552864
552942
5529646
552973
55301
553030
55309
55312
553123
55316
55317-96
55318
5531920
5532
553200
55321100
55321melon
5532291165
553255
5532973
553300
55330344
553305adp
55331
55335
553353
553355
55335533
553405
5534125
553421
55344
553442
553495
5535
553516
55355
553553
553659
553669
55372
553786
55379
5538
553855
55387
553951
55401
55405
554055
55405540
55406
55411
5541212
55417
55418
5541reusel
55422
554252
554255
5542788
55434
554349412
554411
55441122
55442
55445
554552
554554
55455545
55456680
5545lim
55468321
554729
5548692
5548767
5549297
55500555
555007
5550113
5550147
55505550
5550690
555070811
55511100
555123000111
55515
555158
555212
555216
555233
5552368
55525552
555258
555278
555283
55532092
5553212
555333222
555351
555377
55543
555444333
555446889
555456
555456q
555465
555478
555483
55551111
555515
555522
5555505shoes
5555511
555553
555554444
55555525
55555552
555555555555555
555555p
55555666666
55555777
555559
5555599
55555f
555577
55557700
5555jack
55566
5557720
555789
5558888
555911
555918
555deal
555jacob
555lemon
555sudar
555tothe666
5561
556155
556176
55618151
556232
5563
556300
5563667
5564413
556473
556477
5565
556507
556556
55657321
556600
556601
55661010
5566123
55662
55662233
556631
55664455
55665
556669
556677--
556678
55670
556762mm
55678573
5568728
5569
5569909
55701
5570156zmr
55709385
557188
5572
55725
5572994
557321
557361
55738391
557455
55745574
55746
55748672
55758086
5576
5576507
55765576
55769
5577
557733
557745
55775676
557773
557979
558000
55803014
55811
55812
558149812
55831134
558356
558395528
5584049
558444
55845584
558554
55855585
558559
55865586
55875
558786
558832
558855
55885547
558866
55886622
5588gameying
55895589
559000
5591
55912
5592517
55925592
55926
559286
559375
559452
55946
559511
55951515359
559531541865
55955595
559563
559632
559634
55969
559722
55975
55975597
5597918
559819
55987
559900
5599058
559944
55998822
559lex
55five55
55inches
55j55j
55llermo
55merlot
55mickey55
55orange
55porter
55r@n473
55sebpog
55star55
55tbird
55th
55wavgy
560005
5600312
560050
56005600
5600784
56011630
56021
560215
560256
56031
56035603
56039765
560423
56045604
560457377
560522
5606
560613
56065606
560713
560748
5607908
560814
560819
560825047
560918
561007
561031
561109
561111
561123
5611892007
5612
561208
5612131
561221
5612530
56127958
5612liz
561500sped
561561
561562
561623
561729
56175617
561938
561944
561981
56198400
561990
561991
56201
5620301
5620566
562100
562138
5621518
56215621
5621dl
5622118
56225622
5622750
5623
5623138
562321
56239989
56245624
56247899
5625
56251688
562517
5625200
56253292
56255625
5627
56277
5628
56288
5629
56295629
563151256
56316
563208974
563255
563265
563303
563334
563395
563412
56344991
563523
563585
563588
563657
56368676
563712
56378
56379
5638
563810
563847
56385
56387
5642
564213
5642632
564321
564356
564356123
5643677
564398
5644
564555
564565
56462178
56464
564656
56467
56467285
564678
564680
56474
56478586
564897231
5649335hc
564987
56501
565046
56514
565175
565199
5652
5652403395
56532
565346
56535653
565369
5653742
565409
56545654
565463
565522
565525
565541
565554
56555655
565565
5656232
5656556
5656778l
565686
56569898
565852
56585452
56615661
566189
56619
5662025
566225
56644
56645664
5664884
566500
566556
56661769
56665
566667
566678
566708
56674
56675667
5668005
56685668
566862018
56705670
5671255
567221
567223
5672458
56725672
567261
567271
567353787
5673541
56735673
5673lord
5674118
5674358
567472
56755675
5675649
567571
56765
5676520
567671
56768696
5677
5677103
5677176
567798
567832
56784
567874
567878
5678901234
567899
56789rrrr
5678and1
5678moon
5679
567924
56795679
567yhnbm
56805680
5681
56815681
5682326
568279
56831239
56832742
5683472552
568359
568363
568377
5683tixen
568464
5684872p
5685
5685251
56855701
568568568
5685700
56862137
568726
56875687
568856
568888
568911
568936
568956
5689923
56899233
568vfrtg
5690957
5691
569100
569112
5691828
569193
569321
569332
569569
569569569
569823
5698514
5698556985
5698811
569921
569999
56belair
56djmasters
56gu56uyg
56iluvweed
56jt99
56m2.com
56nottawasaga
56rescue53
56th
570021
5700611
57013
57016269
57023811681
570292
57038
5705037xu
57055705
570719
570858
570923
571008
5710205520
57108
571100
57115711
571175100
571200
57125712
571267
5712bedford
571312
571400
571491
571532
57155715
57156262
571636
571946
571958
57198000
571981
571982
571983
571985
571988
572091
572109
57215721
5721857218
5722276900
57226
572329
57245724
572459
572483
5725
5728
572823
572886
5728zima
57297834
5729902
5731
573257
57325732
573327
573337573338
5734786
573573
57365736
5737575
5738358
573getit
57405740
574111
57412398
5742695
574366
574412
574428
57445744
57456364
57462857
574779
5747836
5748
574842
574875
574977
575000
57510123
5752
575323
5757055
575720
5757376
57576896898_b
5757739
575800
575856
575883
57599138
576121888
576123
5761382940
5762262
576283
576329
57634
5764022
576455
5764664
5765
576576
57664044
576787
5768
576890
576906
576998
5771612
5771god
577231
577332
577577
57777777
577898
577900
577918
5780
5780122
57806310
5782
578221
5783
5784
578421
578579
578825
5788442102
57896
57896777
578mm
579013
579225
57925792
579357
5795479  
5797012
5797russ
5799
579957
57995799
57breman
57connie
57orengo
57qwerty
57tbird
580000
580018
580020
580063
5800xm
580145
58015801
58019013
580191
580301
5804
58045804
580508
5807
580801
580807
580828
580931
581003
581016
58104
581135
58114070
58115811
581160
581200
58138
5814111
58155815
58163250
58165816
581666
58166ee
581733
581777
581792
5818
58189
5819283
581958
581982
581986
58201314
5820582
5822
58225822
58228
5824247
582455
58246
58252
582541
582582
5826
58275827
582843
5829480
58316b6d4656d4a4221b229194129ee3
583177
58321
583226
58328317
5833564
583422
5835194
583761
5837blenheim
583848
58395
583966
583971
5839724
5840218
5841201314
584131
5841314
5842229297
58426
584334421
584410
584445
5844574
58445844
584479
5845131420
5845131421
584518
58452014
5845250448
584530
584556
584665
5847923
584871
584878
5849684
584guitarss
585020
5850265
585028
58503
585201
58523
58525a
585279
585285
585318
5853luke
585426
58545854
585613
58565254
58581215
585813
5858405
585847
585854
5858558
585881
58588341
585899
5858juju
5859matt
5860
58601
5860636
586142
5861834
5862012
5862921
58629313
58631994
586348
586359
586386
5864
586486
586489
586500
586521
5865242
586584
5866neb
58674123
586831
58684
5868542
5868584
586877
5869
58694130
58694st
586964
58705870
58711991982
58741
587521
587800
5879
58815881
5882123
588250
58825882
5882752
588300
5884974
588520
588521
58855885
588588
5886023
588684
5888888
5889
5889461
58899
588gamey
588gameying
58902723
58909
58910122
5891099
58911081
589111
589144
58918081
589331
589528383
589541
58955895
589612
5896790
5896aa
589801
58985898
589899
58995899
589999
589ramaril
58a0682
58th
590128
590137002
59030
590520
59055905
590590
590590590
59065906
590726
590909
59101
59101112
59105
59109235
59116481
59116769
5912
5913
59135
591367
591482
591531
591532cc
591583
591668
591793
591882
59194
591963
591979
591988
591988tt
591990
591995  
591996
592004
5920a
592341
59235923
592374
59245924
592547
5925651
5926091866
592900
592959
592978
5929967
5930
593168
5931watk
5932088dube
593265
5933556
59335933
5935
59353
5935531
59355935
593712
5937349l
593800
59381
5938540
593999
593vpnhr
59401
5941
5941740
594188
59420
594200
59420q
59420qaz
594236
59432
59435943
59450922
59455945
594711
5947277432
594791LD
59483611
59495949
59499
5949lucy
5951296
59514708
59515951
5952
595301
59535
5953kj22
595429
59562020
595753515q
595754
595824
595857
595915
59596969
596023
596081
596183
5962
5962059
596283
596289
596293
59631111
596387
59645964
5965
596700
596739
5967473
596757
5968
596843568
596847
596874
596925
596953393
5972
597236
5981536
5faWed2ff8aA116e3X1faZ0I0f719Qf40obe
5rdx$ESZ3wa
5rdx^TFC
62716849aA
640lasa280
64100
641013
641021
64106
64110
641111
641120
64119thug
6412
641213
641215
64123456
6412396
641251091
64129
64137
641399
64150227
64151
6415193zac
64152
64156
641644
64174639
64196419
641979
641985
641989
641995
641998
641999
6420
6420408057
6420429
64206420
64208010
642100
642162
64216421
642176aa
64218224
642196
64226465
642355
642464
64251136
642531
642539
6425587
64266426
64267
642700
64276427
642934
64296429
643021
64312924
643158
643210
6432644
6434217
64344
6434681
643550
6436536
64387123
6438894
643904
6440155
6440649
644127
644218
644314
644351
644358
64456445
644644
644661
64468
6447
6448
644835
64503
64507248
64507mb
6451039
645123
6451322
645151
6451766
645213
645244
64530
645300
645318
64535
64536453
64546431
64546454
6455
645520
64556321
64556455
6456
64570n
645820  
64586458
646003
6461
646107
6461405
64626462
6463
6464069940
6464158
64649922
646566
6466
646644
6466442
646646
6468
6468100
6468336
64686468
6471241
6471337
64716471
647382
6474
64742
647422
647464
647520
64755
647647
647756
64796479
647994
648121
64814ever
64816481
64821109
648243
648268
6483120
64834
64836
64843331
648528
648531
648648648
64876487
648775
648829
648888
6491
649201
64925
649264
6495330
6495442
64956495
649785
6499
649925
649jofs
64chevy
64dragon
654321
654321abc
656463
65646564
65647963
65652758
656531
6565346
656546
656565pm
65657
656585
6565852
656623
65667899
6567462844
65676567
65686568
65689
656fhgf2
65706
657120
65721
65734
65737
65742
6574321
65745
657455
65746742
6574839201
65750573
657585
6577511
6579
6579043
6579612
657984
6580
6581173
65818ea
65820450
658375
658517
6586237
658658
658661
65876587
658795
6588552
65886588
65890
6590011
6590073344
659018143
6590996
6592
6593149
659481
659553
659599
6596014
6597
659700
65972
65981234
659833
65986598
65987321
659pimpin
65dave79
65ford
65foxhays
65karina
65mustan
65poskus
65tbird
65ttbj71
660001
660059
660066
66012
660122
660157
6602
66030
6603295
66035007
6603606
660404003
660423
660427
66046
6604655
66049
660510
660607
660635
66067
66067420
660691
6606palomino
660910
660913
660967
661020
661035
661059818
661064928
66106610
6610imack
6611
661111
661199
6612
6612005
6612070156
661218
661225
661226
661244
661256
66126612
6613
661388
66143912
66146614
6614714
661488
6615
6615234
661632x0
661656
661661
66166616
6617029
661849
661888
661900
661932
661944
66196619
661969
661979
661991
661995
661997
662003
66204
66206
6620705
66208
66209
662141
66216621
66219
662200
662244
662263
662266
662320
66233411
6623364
662344444
66236623
6623719
662377
6624
66246624
6624874
662554
6626
662662
66268612
6627
6627641
662811
6629
66307
663123
663161
6631707
663175666727
6632
66322007
663247
66325bd
6633
663300
66331212
66332211
66346634
663478
663565
6636
663600dmw
663663
663670
663766
6638
664040
6641
6642
6642123
664246
6644
664400
664446652
664457
664542
66458
6645903
6646
664613
664664
66474
664752
664822
664857
664912
6650
665000
6650223
66505
665088731
665166
66516651
665270
6652766527
6652885
6653635
66536653
665378
6653wt
6654321
66543844
66543866abc
665443
66548200
665488
665501
665511
6655119
6656
66566
665660
66566656
665723
66596659
66600
666013
6660666
6660999
6661179
666122
66616674
666168
666187
666191
6661tntm
66623
666247
666306
666321
666333666
666352
66636663
6663729
6664
66642010
6664453
666462
666521
66655522
6665666
666576
666587
66661111
66662222
66665
666660
666663
666664
666666
66666669
666666ff
666668
6666688888
666669
6666699999
66668879
66668888
66669666
6666969
6666aqel
66671384
66677713
6667778889
666800
666854
666873
666969
666988
666asd
666bkm77
666buz666
666chaos
666clown
666dvl
666fish
666fuckyou
666god
666hell
666kill
666mimo
666rocks
666roses
666xxx
6670
66706670
6671076efbb86e2c97c04f8157595511
667156
6672
667354
667362
667368
6673781
66739
6674399
6674476937
667455
6674766747
6675543232
6676
667608
667711
66771100
66774019
667799
667866
6678914a
667911
667969
66799025
6680457
66806680
66816681
6682371
66829659
6683538
668411
668426
668427
66851
668566
668590
6686
66876687
668769
66882244
668824
668866
668891
6688uu
6689
668947
668973
668999
66909968
669167
669190
6692653
66926692
6692919
6694097
669591
6696209
6696569
669669
669699
669772a
669774334
66978466
66993366
669978
669999
669ate7
66bronco
66c
66chevelle
66chevypu
66harley
66l79ub731
66mustan
66orange
66sixsix
66stang
66th
6700
67010
670100
6701265
6702
670220
670426
670521
670861
670928
671021
671028
671031
67106
67110
671111
671118
671125
6711699
6712
671201
671208
671231
67124
6712590
67126712
671367
671410
671422
6714389
67147
67147888
6715528
67163351
6717997
671981
671986
671987
671988
6719939992
671995
671guam
672000
67201
67204
67208
672159834
6721ja26
672224
67236723
6724486
6727239
6728
673467
673636
6738990965
674056
674120
6745231
67453
67455
674656
67476747
67479095
67486748
674htnl264
6750
6750583
675267
67526752
675310
67539908
6754321
6754qzy
675687
67586758
676000
67601
67602219
6763
676311
6763629
67638adamasus
67646764
67656765
67666766
676756
676768
6767890
6769185
6770
677111
67722507
67726772
6773
677394
6775454
6775ghost
677600
67766776
6777
677718
67776777
67801
678045
67806780
67810
67812345
678134
678322
6784
678456
678485
6785524
6786
67867867
6787121487
67876787
678789
678835907689
67886918
678889
!@#$%67890
678918
678923
678954
678956
678999876
6790
6791
679113
6796939
67976797
6798
67986798
679883
679931
679970
67camaross
67charger
67chevy
67corvette
67dasf82
67ford
67gt500
67merc4t
67shelbygt500
67times
67tyghbn
67vcz4d68a
680000
6800534
680068
68006800
680101
680107
680112026
6802
680242
68025
6803
680304
680514
680623
68068
680680
68068289
680703
680704
680712
680721
680831
68086808
68102
6811
681207
681212
681219
681221
6812469
681424
68144
6815397
68154
6815682
6816
681758
681797
681883
6819
681900
681972
681977
681988
681989
68199178
681992
681995
681998
6821524
68216821
682175
682222
682265
68226822
6822710
68236823
68238
682468
68248659
682500
6825056
6826483
682788
6829
683041
683088711
68310
68336
6833641
683495
683542
683606246
683912
683989
68418
684222
684268
6842mp
684350
684428
684693kc
684786
684937
68503
68510
6851317a
6851428
68521
685259
68526
6852693
68536853
689597
689643
689747
68986898
689986
689987
68impala
68iou1
68ncknjg
68pm3ir4
68pontiac
68th
68vette
6900
69002
690113
690201
690213
690288
690298
6903
6903744
690415
69049633
6905
690510
690514
690527
690617
690690
690808
690811
6908js
690969
6909979
6910
69101
691020
691079
6911
691100
691109
691116
6911200257
691123
691125
69115069
6912
691230
691231
69131993
691506
6915219
691569
6916637
69176917
6919
691959
691963
691969
691980
691984
691989
691990jn
691992
692000
69206920
69209218
6921
69211100
692113
692153
69224096
692446
69256925
692616
692653
6927458
69276927
6928qr1c
69316931
6932
6933992
6934922
6935
6936184
69362655
69386938
69396939
693ppi
6940364
694041
694200
69420187
694314
69436943
69453300
69471978
695014
695138
6951bose
695269
695347
695524
695544
695591
695641
6958212403
695847321
695992
69604
69606960
6962610
696369
69644848
6965847669
69666
696662
6966669
6967
696700
696894
696933
69693333
6969420
6969521
69696996
696969ab
696969j
696976
69697878
696988
6970
6970295
6970tz
69712005
6972
697235
6972709181
69727492
697283a
6975591
69756975
697694
697697
6977
6978
697822
697941
697sjuks
69816981
6981851
698555
698783
698800
698938
698946
699023
6991*hbo
6tfc%RDX4esz
6tfc&YGV
706e642a056c7e894ed5a01e55700004
753951
7654321
7758520
7788520
778899
789456
789456qweasd
789789
789789qwe123!@#
789987
789.com
789qwe&*(
789qwe123
789QWE123
789qwe2013
7g0.1.add
7hur@y@t3am$#@!
7hur@y@t3am$#@!(*(
7x24
7ygv^TFC5rdx
7ygv*UHB
852852
8812345
888888
88988
889998
8ik,*IK<
8owmpiyddyo
8uhb(IJN
8uhb&YGV6tfc
951753
963852741
987321
987654321
987789
991992
99889
999999
9ding.com
9ijn)OKM
9ijn*UHB7ygv
9ol.
a
a!@#.#@!
a120730041
a123..0
a1230.+-
a123.123
a123.321
a1234.1234
a12345!
a123456
a123456!
a123456789
A12345678a
a123456A
A123456a
a@123465
a@123654
a123B$%^
a123b456
A123B456
a123b456c789
a147258369
a1b2c3
a1b2c34d
a1b2c3d4
a1s2d3f4
a654321
aa112233
Aa@123
Aa1231#@!
aa123456
aA123456
Aa123456
Aa@123456
aA123654
Aa123654
aaa123!@#
!!aaAA11
aaaaaa
AAAAAA
a!@#b$%^
A!@#B$%^
A!@#b456
!@#abc
abc112233
abc123
abc=123
abc-123
abc!@#123
abc.123
abc@123
abc#123
abc123!@#
abc123.
abc123..
abc123@#
abc123$
Abc123
Abc.123
Abc@123
ABC,123
ABC.123
ABC@123
abc1234
abc12345
Abc12345
abc123456
abc123ABC
abc123***ABC
abc123ABC!@#
Abc123Abc
ABC123abc
ABC123ABC
abc123ABC123
abc123ABC456
abc123.com
abc147258
abc2013ABC
Abc!23
Abc.!23
A!B@c3d4
abc789789
abc.ABC
abcABC123
abc@ABC123
abcABC123!@#
ABCabc123
ABCabc123!@#
abcABC123!@3
abcABC123abc
abcABC147258
abcABC2013
abcABC2013!@#
abcABC2014
abcABC789
abcACBABC
abcd!@#$
abcd@123
abcD123$
Abcd123
abcd1234
abcd=1234
abcd-1234
abcd.1234
abcd@1234
abcd+1234
abcd1234!@#$
Abcd1234
Abcd@1234
Abcd1234!
ABCD1234
ABCD1234!@#$
abcd12345
abcd1234ABCD
abcdABCD1234
abcde12345
abcdef!@#$%^
abcd@qq.com
Abcd@qq.com
Abc@qq.com
abdul
adm
admin
admin,.
admin!@
admin!@#$%^
admin@)!$
Admin001
admin1
admin112233
admin12
admin12#
Admin12
Admin12#
admin1229
admin123
!@#admin123
admin@123
admin123!@#
admin123.
Admin123
Admin_123
Admin@123
Admin123!@
admin1234
admin12345
admin@12345
admin12345_
admin12345-
admin12345-+
admin12345+
admin123456
admin+123456
Admin123456
admin2008
admin2014
admin@2014
admin!23
Admin!23
admin321
admin@321
admin#321
admin!@#456
admin5com
admin5.com
admin5idc
admin888
admin@888
adminADMIN
ADMINadmin123
admin.com
administrator
Administrator
admin+password
admin+pwd
admin@root
-,admin@week5.com
adrian
adsl123
adsladmin
aidejiushini
aion
AIYA.COM.CN
ajifenxgjl
al0ha!
Al0ha!
al0ha1
Al0ha1
alan
alec
alek
alex
alexandra
alexis
allison
aloha
aloha!
Aloha!
aloha1
Aloha1
aloha12
aloha123
aloha1234
aloha12345
alpine
amanda
amazon
amerino
andra
andrea
andy
angel
anna
anton
apache
aq1sw2de3
aquaearth
arssura
as123456
asd
asd!@#!@#
ASD!@#
asd123
asd.123
asd@123#@!
asd123!@#
asd123.
asd123..
ASD123
ASD@123
asd123ASD
asd1zxc2
asdasd
asdf
!A@S#D$F
asdf1234
asdf.1234
asdf1234!
asdf1234!@#$
Asdf1234
ASDF1234!@#$
asdf1234ASDF
ASDF1234asdf
Asdf13579#
asdfgh
asdfghjkl
asdfghjkl123
asdfzxcv!@#
asdmin!23
asdqwe
asdqwe123
asd@zxc
asd@zxc123
ASDzxc123
asp
asterisk
asteriskftp
asteriskpbx
astral
atendimento
attachments
azerty
b
back
backup
backups
bad7FC2v81
bail369..
banluonan
baron
ben
benbenben
benites
beth
bin
bkky9979
bl3rand,.
blahblah
blue
bobinas
boot
boris
bram
brent
bsd
bufor
bwadmin
c
cacti
Cactiez
CactiEZ
camarin
caminada
cammagay
camocamo
campassi
campenni
campigotto
campiou
campista
cance
candio
canite
canizal
cankurt
canniffe
cantante
canttell
canzi
cao123456
caoc
caonima.3132
caonimabi123.
capaque
caporas
cappellucci
captive
capuchin
capurihan
caracter
carapic
caravaca
carbonelli
cardana
cardarella
caril
carissimi
carista
carlzon
carnaval
carol
caroline
carreathers
carvosso
caryk
casandra
casanes
caseda
cassandra
cassy
castillas
castora
castro
catherine
catis
catona
catozzi
caulford
causse
causseaux
caveda
cavel
cayemitte
cayona
cayuela
cchb!@#AS
ccl
ceausescu
ceccarini
cecrle
cedarleaf
celetti
celletti
cenedella
centos
cepet
cepida
cerati
cerci
cerecedo
ceretto
cern
cetinic
cetnarowski
cgb
cgi
cgsl123
chabal
chabangu
chachacha
chaifetz
chaillou
chaise
chakvetadze
chaleff
chamari
chambial
champawat
chanae
chandiram
chandrasari
changeme
changeme123
Changeme_123
Changeme-123
Changeme@123
Changeme_123456
Changeme@123456
Changeme_456
Changeme@456
changhong
chanthorn
chantix
chanuka
chaparadza
chaponda
chapoton
charapata
charby
charin
charnay
charoenchai
chasar
chastity
chatelaine
chavelas
cheba
chebl
chehata
chemtob
chen1234
chenal
chenchaoqun2012.
chepa
chepkurui
cherman
chernenkoff
cherniawski
chesang
chesnokov
Chester1
chifanlema
china123654
china@2013
china2014@)!$
china@china
chinaunicom
chloe
chocolate
chris
christina
chuck
cisco
cisco123
cisco123456
claire
clamav
cluster
cnlinkIDC@2013
commsoft
contabilitate
corina
cory
cosinus
courtney
crap
cristina
cron
cv123456
cxlzb2014
cxzasdewq
cyrus
cyrus123
d
da9a0012f4
daemon
dahuatech
dan
daniel
daniela
dark
darkman
darren
data
dave
dave123
david
db2inst
db2inst1
dbus
dddddd
debian
deckelma
default
delgado
demo
deploy
deploy123
deployer
dev
developer
dff
diana4ever
diaosi
diskedit
@ditzu140489
@dm1n1str@t0r
doctor
dolphin1
dongbang2014
dorin1234dorin
doughty
dracula
dragon
dumnezeu
Dumnezeu
dupont
dupont123
duyunini861862
duzie
duzihaoe
e
ec2-user
eliza
elke
enkj.com
!@erghm,
!@ERGHNM
eric
!@#ert&*(p
$ESZ3wa@Q
$ESZ5rdx
$ESZ#WA@Q!
$ESZ#WA@Q!~
!@#EWQ!@#
!@#EWQASDCXZ
!@#EWQ!@#EWQ
excel2003
f
farid
fax
fax123
fedora
firewall
fish
florin
florinflorin1977
fluffy
flynn
folder
fortune!@#
frank123
frank,man.admin
frank,redwolf
frodo
ftp
ftp1
ftp@sierp
ftpuser
fuwuqi1
g
game
games
gan123456
gannima
gaojf810qazwsxedc!@#
garcia
garrysmod
gary
gate
gateway
gdm
geheim
geoff
george
georges
getmail
ge@zjxc.com
GGGGGGGGGGGGGGGG
gheghe
ghegheb0ss
git
git1
git123
gitamaya2013
gjidc,wukong
gnats
godzilla
gohigh
gold
google
gopher
granta
green
guanjian
guest
guest123
guo123
guorui
gw
gwaf
h
hadoop
haibis
haldaemon
halt
han
hand
hannes
hassan
hawkco
HCadmin@HC80
hd123456
hduser
heiwonibuxing
henny
hik12345=
hik12345-
hik12345-+
hik12345+-
hik12345++
Hik12345-
hik123456+
hik123456++
hikvision
hlbest52
honeyridge
hosting
hostmaster
how@157
hsvyxgvq
http
HUAdian@2014
huang8
huawei
huawei...
huawei123
huawei@123
Huawei123
Huawei@123
Huawei321
Huawei@321
huawei.com
huck
hudson
i
ibmuser
id
!@#$%idc
idc..
idc...
!@#$%IDC
IDC123
idc2=
idc2=;.-pl,www
idcad,admin@week5.com
idcIDC123
IDCidc123
idcidcidc
idc@qq.123456
idc@qq.123654
idctest
(IJN0okm
(IJN8uhb&YGV
(IJN*UHB&YGV
iloveyou
info
info123
informations
informix
insvis
interchange
ion
ipecscm
irc
isis
ispconfig
$ivitest$
j
jack
jacolmenares
Jamaicablue@jl27j
jamila
jan
jane
jason
jboss
jd123456
jean
jeffrey
jenkins
jenna
jennifer
jet
jingcheng
jinwooinfo!!
jira
john
joomla
joshua
jovaughn
juan
julia
Jxdx@2014
jxidc123
k
kang.2014..
karolina
kartel
kasandra
kayter
kayumov
kaz
kazantzidis
kazawa
kazir
kazol
keachie
keairns
kealley
kears
kebschull
kecojevic
keddle
kedra
keegstra
keeting
kefe
keist
keiswetter
keitges
kekez
kekki
kelati
kelsi
kemppi
kennes
kepfer
kerbis
kerekgyarto
kereluk
kereta
kerfien
kermalli
kernea
kernich
keropi
kerqeli
kesherwani
kesim
keskiner
keuneke
kev
kev123
kevin
kevlishvili
keysar
kezinchyan
khadam
khaila
khakim
khakoo
khales
khambholja
khandka
khanmohammadi
khansaheb
khariwal
kharodia
kharraz
khawatmi
khawbung
kheradia
khirwadkar
khlaif
khoirudin
khoramdin
khorey
khoshtaria
khoudary
khushlani
khyber
kidan
kiehm
kieti
kiey
kiho
kijo
kilarski
Ki!l|iN6#Th3Ph03$%nix@NdR3b!irD
killary
killer
killingworth
killyou
kilos
kimambo
kimling
kinali
kinell
kinerson
kingdeek3rise
kingett
kingkong
kingland
kingmaker
kingren
kinka
kinmartin
kinmon
kinninmont
kirah
kirai
kirchhoefer
kireta
kiriakakis
kirr
kirsanova
kishu
kisielius
kispotta
kissiar
kisskiss
kistnasamy
kitchenham
kitteringham
kitting
kj
klafehn
klapwijk
klate
klauk
klaus
kleberg
kleeves
kleib
kleiboeker
kleim
kleinhaus
klinkel
klonoski
kloosterboer
klopstein
klosner
kmem
knapstein
knaul
kniese
knopfler
knoppix
knotz
knute
koabel
koblick
kobussen
kocatepe
kodani
kodur
koernia
kohonen
koile
kojin
kokalis
kokol
kolani
kolder
koliha
kolkar
kolkka
kolniSuntide123
kolokithas
kolozsvari
kolpakova
kolzow
komalawati
komarla
konami
konchada
konechny
konfino
konjic
konken
konley
konowitz
konshak
konsowa
konstanty
konthoujam
kontopoulou
koosman
kopaliani
kopong
korenfeld
korhummel
koriat
koris
kormish
korneva
korobkin
korri
kortbein
korving
korzenowski
kosareff
koshelev
koshikawa
kosif
kositzke
kostelec
kostuck
koteshwar
kothakonda
kotkas
kotora
kotorri
kotsos
kottayi
koumayha
kounelis
kounlavong
kowaas
koxlien
kozeluh
kozicky
kozlica
kozuma
kragenbrink
krance
krasky
krautbauer
krav
kravits
krecek
kredo
kreidie
kreinberg
kreinbrook
kreinheder
kremeier
kremling
krenk
krets
krez
kriewall
krigsman
krijestorac
kril
krin
krippendorf
krisco
krispel
kriste
kristianty
kritika
krivic
krivoshein
kroiss
krolo
kronyak
kroop
kroske
krsak
krumland
kryss
krystosek
kryukov
krzykwa
ktenas
ku654321
kuche
kucy
kuddes
kuhan
kuhlenschmidt
kuivalainen
kukich
kulathunge
kuldip
kulk
kumakura
kumbasar
kummerle
kunak
kunduru
kunnemann
kuntzmann
kunzie
kupfner
kurbegovic
kurfman
kurik
kuriyal
kurns
kushimo
kusserow
kussy
kuswati
kutas
kutek
kutia
kuyler
kuyoro
kuzemka
kvilhaug
kwabi
kwach
kyara
kyncl
kyobe
kyrouac
kyt
kyule
l
lababo
labagnoy
labanan
labato
labausa
labissoniere
laburada
lacana
lacarrubba
lacdang
lacmanovic
lacoul
laczo
ladega
ladenheim
ladislau
ladore
ladub
ladyana
ladz
lafernier
lagadapati
lagdan
lagorra
lahoria
lairamore
laiza
lalotra
lamartine
lamasters
lambach
lambas
lambonao
lan
landez
landres
langeliers
langendoerfer
langhout
langie
langos
languirand
lanotte
lanphar
lansom
lantacon
lantape
laoliu
laorden
lapasanda
lapell
laperuta
lapinta
lapulapu
larabel
laraine
larashati
larazo
larh
larmee
laruga
larusson
lashuay
laskoskie
lassner
lastrado
latanville
lathouras
lathwood
latibeaudiere
latika
lats
latteri
latumeten
laty
latzel
laudico
laumbach
laur
laura
lauramore
lauren
laurentiu
laurentz
laurenzana
laurindo
lausanne
lavars
lavazza
lavoisier
lawalin
laway
lawendy
lawrencia
layburn
layle
lazaj
lazarakis
lazauskas
lazerson
lazzareschi
lazzy
lcm
ldgs3913866
ldtw1234!@#$
leaban
leader
leahman
leamen
learson
leasau
leathart
leaven
lebano
lebato
lebedoff
lebethe
lebi
lecoeur
ledang
lederhose
lediga
leemann
leeuwenburg
lefkovits
legaste
legisma
lehre
leilei
leishear
leizer
leknes
lembert
lemkau
lemkin
lempereur
lempp
lemusu
lencz
lengenfelder
lenigar
lenners
lenovo
Lenovo_2008
leombruni
lepana
lepaopao
lepiz
lepro
lerohl
lesetedi
leshchenko
leskin
leszcynski
letmein
letrero
letsos
leusch
leutner
levendosky
levental
levergood
levko
li1234
liangjing
liangliang
lib
lichao123
liferay
light
linda
linode123
linux
linux123
lion
list
liujia123
lizhifeng
lkilogmL
login
loler11q
lopez
loverd
loveyou
lp
lp123
lp123456
lp123lp
lshapps
lshora
ltsjk11@45#23#zxm10
lucifer
m
magnnum1234magnnum
mail
mailer
mailnull
majordom
mamainvacanta
man
manager
mark
marketing
marketing123
martin
martinez
mary
master
maximus
mazzella
meiyoumima
m&g_2010
michael
michelle
mihai
mike
milan
mima123!@#
mima123&*(
mimabuzhidao
minecraft
mirek
missionimposible
mldonkey
mm123456
mmc
mobilenetgames
molly
monitor
moodle
msql
muie123
myhost
myippbx
mysql
mysql123
my.week5.com
n
n3wp@ss
nag1os
nagios
nagios1
nagios123
nagiosadmin
nalini
named
nameserver
nasa
nasa123
natalia
natalie
nbhh123
ncs-cyber_tj
ncs-cyber_tj_sd
ndeer.com
nemesis
NETWIND711
network
neusoft
neusoft123
news
nexus
nexus123
nfsnobody
nicole
nokia
nologin
nomore532
norcon
noreply
no-reply
notice
nscd
ntp
!null!
nut
o
office
office@joindata.net
)OKM9ijn*UHB
)OKM(IJN*UHB
okmnji
openbraov
openbravo
operator
oprofile
oracle
oracle!@#
oracle1
oracle123
oracol
oracol123
ospite
otrs
ovhovh
ovidiu
p
p0lice#@!
p0o9i8
p0o9i8,.
p4$$w0rd
P@55word
pa55w0rd
Pa55w0rd
pacz
paradise
Paras@srishti
pas123
pass
pass0rd
pass12
pass123
pass_123
pass@123
pass$123
pass1234
Pass1234
pass12345
pass+123456
passcisco
Passion1
passpass
passs123
passw0rd
passw0rd!
Passw0rd
Passw0rd!
PASSW0RD
PASSW0RD!
passw0rd1
Passw0rd1
PASSW0RD1
passw0rd12
Passw0rd12
PASSW0RD12
passw0rd123
Passw0rd123
PASSW0RD123
passw0rd1234
Passw0rd1234
PASSW0RD1234
passwd
password
password!
Password
Pass@word
Password!
PASSWORD
PASSWORD!@#
PASSWORD!@#$
password0
Password01!
password1
password!1
password@1
password1!
Password1
Password1!
Password12
password123
password.123
password@123
Password123
password2014
paul
pavel
Pa$$w0rd
Pa$$w0rd1
pawel
Pa$$word
pa$$word1
pa$$word123
payment123QWE
pcap
pedro
perez
pervuhina
peter
pgsql
photo
phxsmx
pop
pos
posp
postfix
postgres
postgres 
postgres123
power
powerpc
ppo
produkcja
proxy
proxy123
prueba
ps
p@ss1234
p@ssw0rd
p@ssw0rd!
p@ssw0rd!@
p@ssw0rd!@#
P@ssw0rd
P@ssw0rd!
P@ssw0rd!@#$
P@SSW0RD
P@SSW0RD!
p@ssw0rd1
P@ssw0rd1
P@SSW0RD1
p@ssw0rd12
P@ssw0rd12
P@SSW0RD12
p@ssw0rd123
P@ssw0rd123
P@SSW0RD123
p@ssw0rd1234
P@ssw0rd1234
P@SSW0RD1234
P@ssw0rd2014
p@ssword
P@ssword
P@SSWORD!@#
P@SSWORD!@#$
P@ssword001
p@ssword1
P@ssword1
P@SSWORD123
P@SSWORD1234
p@$$w0rd
P@$$w0rd
p@$$w0rd1
p@$$w0rd12
p@$$w0rd123
pwd@123
pwd2014
p@$$word
q
q1w2e3
q1w2e3!@#
Q1W2E3
Q1W2E3!@#
q1w2e3r4
Q1w2e3r4
Q1W2E3R4
q1w2e3r4t5
!Q2w3e
!Q2ws#EDC
!QA2ws3ed
~!Qaaz
qaswed
!QA@WS3ed
!qa@ws#ed
!QA@WS#ED
~!qaz
qaz!@#
qaz123!@#
Qaz1234567?
!QAZ1qaz
qaz1wsx2
!QAZ2ws3e
!QAZ2ws#E
!qaz2wsx
!Qaz2wsx
!QAZ2wsx
!QAZ@2wsx
!QAZ2WSX
!qaz2wsx3edc
!QAZ2wsx3edc
!QAZ2wsx#EDC
!QAZ2wsx#EDC 
!QAZ2wsx#EDC4rfv
qaz#@!321
!QAZ3edc
!QAZaq1
qazedc
qazqwe!#%&
!QAZ@WS3e
!QAZ@WS#E
qazwsx
!qaz@wsx
qazwsx!
qazwsx!@#
qazwsx!@#$%^
!QAZ@wsx
!QAZ@WSX
!QAZ@@WSX
qazwsx1
qazwsx12
qazwsx123
qazwsx!@#123
qazwsx123!
QAZwsx123
qazwsx12345
qazwsx321
!QAZ@WSX3edc
qazwsx456123
qazwsx888
!qaz@wsx#edc
!!QAZ@@WSX##EDC
!QAZ@WSX#EDC
qazwsxedc2013
qazwsxedcrfv
Qazx123#@!
!QAZxcv
!QAZxcvbnm
!QAZxcvbnm,.
!QAZXCVBNM
!QAZXCVBNM<>?
!QAZXCVFR$#@
qazxcvp-0!@#
qazxsw
!qazxsw@
!QAZXSW@
!QAZxsw1
!qazxsw2
!QAZxsw2
!QAZXSW2
!QAZxsw2#EDCvfr4
qazxswedc
!QAZXSW@#EDC
!QAZZAQ!
!QAZzaq1
qazzxc
QAZzxc66@$%
qazzxc66245
qingjin
qq123456.com
qq123.com
qq147258!@#
qsax
qsc123qwe
qtss
!q@w
qw12!@
!@QW12qw
!Q@W3e
qw5684323**
qwaszx
qwaszx!@#
!@QWASZX
QWASZX!@
qwaszx12
qwaszx12!@
!@#qwe!@#
!@#qwe$%^
qwe!@#$%
qwe#@!.
!@#QWE$%^
Q!W@E#
Q!W@E#!@#
qwe123
&*(qwe123
qwe`123
qwe!@#123
qwe!@#123.
qwe.123
qwe.123!
qwe.123..
qwe123!
qwe123!@$
qwe123!@#
qwe123!@#.
qwe123$%^
Q!W@E#123
QWE!@#123
QWE!@#123.
QWE.123
QWE123!@#
QWE123!@#.
qwe123..0
qwe@123123
qwe12345
qwe123456
qwe123asd!@#
!@#qwe123e
qwe123qwe
qwe321
qwe321qwe
qwe321qwe321
!@#QWE456
qwe456uio0-=
qwe@789
qweasd
qwe.asd
qwe@asd
qwe@asd!@#
qweasd!@#
!@#qweASD
qwe.ASD
qwe@ASD
qWeAsD
QwEaSd
QwEAsD
QWE.asd
QWE.ASD
qweasd123
!@#qweasd.123
qwe@asd123
qweasd!@#123
qweasd.123!@#
qweasd123!
qweASD123
qweASD.123
QWEasd123
QWE@asd123
QWEasd@123
qweASD123QWE
qweasd123QWEASD
qweasd2013
QWEASD.ASD
qweasdzxc
qwe@asd@zxc
!@#qweasdZXC
QWE@ASD@ZXC
qwec0bra222
qweDSAzxc
QWEdsaZXC
qweewq
QWE#@!QWE#@!
QWEqwe123
qweqwe123008!!!
QWEqwe123456
QWEqwe123654
QWEqweASDasd
qweqweqwe
!q@w#e$r
q!w@e#r$
qwer!@#$
!@#$QWER
Q!W@E#R$
qwer$#@1
qwer1234
!@#$qwer1234
qwer!@#$1234
qwer.1234
qwer@1234
qwer1234!
qwer1234!@#$
qwer1234asdf
qwerasdf!@#$
!@#$qwerASDF
!@#$qwerasdfZXCV
!@#$qwerassdf
qwerqwer
Qwert!@#$%
!Q@W#E$R%T
qwert123
qwert12345
qwert!@#45
qwerty
qwerty!@#$%^
Qwerty!@#$%^
qwerty12
qwerty123
Qwerty123
qwerty123123
qwerty1234
qwerty123456
qwerty1qaz
qwertyui
qwertyuiop
qwertyuiop!@#$%^
qwertyuiop123
qwertz
qwe$%^uio)_+
qwe@WSX
!@#$qwezxcdsa
!Q@WS3edc
!q@ws#edc
!Q@WS#EDC
r
r00t
r00t123
r00tr00t
r00tt00r
r3dh4t
r4e3w2q1
radvd
raluca
range
ranger
raspberry
razvan
rds
%RDX4esz#WA
%RDX6tfc
%RDX$ESZ#WA
rebecca
receptie
red
redhat
redhat123
redmine
refunds
resim
!@#$rewq
!@#$REWQ
!@#$REWQ!@#$
!@#$REWQ!@#$REWQ
richard
richer
rick
Rockstar1
rodriguez
rogue
rolo
RongHui_DB_2014
root
root!@#
root01
root12
root123
root_123
root@123
root123.
Root123
root1234
root12345
root123456
root2013
root2014
root!23
rootadmin
rootme
rootoor
rootroot
root@root
roottoor
roy
rpc
rpcuser
rpm
rsync
rtorrent
!@#RTY&*(P{}
run
ruqinba
rush2112
s
sadaejah34
sadasdasd
sales
samantha
samsung
Samsung
san
SanDGr3n@t@
scan
secret
security
sekretariat
server
server1
server123
server1234ASDF
service
services
shadow
share
shelby
shell
sherry
shop
shoutcast
shtel!@#
shutdown
silver
sin
sistemas
skywalker
skywalkr
smmsp
smsd
snake
sniper!@#
sonar
sonar123
sonny2hack
sophie
soporte
sorin
souidc@88830180
sound
source
sql
squid
ssssss
student
students
sunguojun
sunshine
superman
supervisores
suport
support
svn
svn123
svrlist
Sw133C0m20166
sync
sys
sysadmin
system
sZ8dYmaE
t
t00r
t00rr00t
t0talc0ntr0l4!
t5r4e3w2q1
talent
talkweb
tawan123456!
tax
td
td2001
teamspeak
teamspeak3
temp
temp123
Temp123
test
test1
test12
test123
test1234
test12345
test12346
test2
test3
test4
teste
tester
testing
testtest
testuser
^TFC5rdx$ESZ
^TFC7ygv
^TFC%RDX$ESZ
theo
thomas
tianxia!@#
tiger
tim
tkggja850518`1
tokyo
tom
tomcat
tomcat123
tomcat5
tomcat6
tomcat7
tomesek
tongfang
toor
toor@2012
toor2013
toortoor
toto
trac
trash
!@#$%trewq
trial
trial1
trial123
trial2
trial3
trinity
triton
troqueles
trustno1
ts
ts123456
ts3
tty
ttyisp.yatx
tuxedo
tyw7VSvc
u
U2000U2000
ubnt
ubuntu
ubuntu123
*UHB7ygv^TFC
*UHB9ijn
*UHB&YGV^TFC
uniserver.root.2145
unix
upload
UPNadmin110
user
user1
user123
username
%username%
usuario
usuario1
usuario2
UTCfs2202
uucp
v
v4nc00ver
vagrant
valentin
vali
varmas
vasile
vcsa
vgs02i
-,vgs02i
vlad
vmware
vnc
voyage
vpn
vps
vps123
vps123456
vps2013
vps2014
vps2015
vyatta
w
#WA4esz
wabjtam123
wanglong139.
wangyu123
wanmei123
war
warlock
warlocks
wartex
waterloo
@#WE@#
web
web123
webadmin
webalizer
weblogic
webmaster
week5.com
weiwu
weiwubaqi
weiwubaqishuai
welcome
Welcome
welcome1
welcome123
welcome@123
Welcome123
wentongweb
@#WE@#WE
Windows2008
woaini1314
woaini1314520
woainijie
woainima
woaiwolaopo
wobuainile
wokani
wolwerine
word2003
wordpress
worlddomination
woshiguanliyuan
woshizhongguoren
woziji
wp
wpd-123456
@WSX1qaz
www
www.163.com
www.168.com
www.baidu.com
www-data
www.huawei.com
wwwrun
www.sina.com.cn
www.www.www
wzdxidc
WZDXIDC
wzdxidc123
wzdxidc@123
WZDXIDC@123
wzdxidc123456
wzdxidc321
x
Xaoke!123
xbidc
xfs
xhdzmsdkdl!@#
xiangchifan
xiangchifanle
xiaobo
xiaolan$
xiaolan$$
xiaomi
xiaow
xinnet123#@!
xinnianfacai
xinnianfadacai
xinniankuaile
xinwei
XK(025)uma
xnkl
xten
xuqiang
xxx
xxxxxx
y
yangxin6655
YD123123
yellow
&YGV6tfc%RDX
&YGV8uhb
&YGV^TFC%RDX
yhblsqt
yongheng
yq123123
YULIANG82
yupeng
yves
yzidc.85*%
z
z1s2e3
z1x2c3
z1x2c3v4
z7895123
zabbix
zaijinlaima
zaq123
zaq123wsx
zaq12wsx
zaq12wsxcde3
zaq1@WSX
zaq1xsw2
zaq1xsw2cde3
zaq1xsw2cde3vfr4
zaq!@wsx
zaqxsw
zaq!xsw@
ZAQ!XSW@
zaqxswcde
zaqxswcde2013
zaqxswedc
Zfs890327
zhang2009
zhanghua
zhangyan7tian
zhengkai1978
ZR6
zsofi
zte10
zte123456
zteIDC3389
zx123456
zx1990.
zxasqw12
!@#ZXC
!Z@X#C
zxc10!)
zxc@123
zxc123!@#
ZXC.123
zxc123456
zxcasd123
zxc@asd@qwe
zxcasdqwe!@#$
zxcasdQWE
zxcASDqwe
zxcASDQWE
ZXCasdqwe
ZXCasdQWE!@#$
ZXCASDqwe
zxcasdqwe123
zxcv!@#$
zxcv1234
zxcvbn
zxcvbnm
zxcvbnm123
zxidc!@#123
zxin10
zxlw10
zxm_10
ZXM-10
zxm10_123
zxm10_456
zxm123456
zz112233
zz123456
zzidc!@
zzidc.com
!@#$zzidcQWER10.3
